$ANSIBLE_VAULT;1.1;AES256
31353738356339323866333837303362616633623261396134643663336430303239656537363732
3630643064666332373435373931396534373261643463340a616534656234623031346561623730
31313938376364646230326566376432613563313765386438363938653630366138666135306464
3662613432393366320a666531326364636362613032313465666662653063636630313665393366
37656462643238383963656237376333653139616332633033656334376537326265326632356532
36313631646235363931313538643363653466343961373965636663336631386264313032313734
30633263396439643632333634303235326638353635323837326333383838616436396638633931
63623166623632366638303065366462636534663135636330663737353162313563643932383439
64393861653234313764336634616634363865656561623061383036363433386663386566623837
61666234663739346466363837333037383333616264386431623335373865633561383363623038
31313965303661613066626261323262333733633635303466393861396431613736363237656134
39663465616461656632
